150
457 317694
601 493525
439 763842
223 80890
599 883684
443 942436
277 926548
313 990457
661 846705
193 39437
463 135002
257 439432
521 650414
97 188408
71 144209
743 185914
307 287703
179 563705
431 996179
883 962735
331 979646
73 829292
461 81112
797 691798
149 919815
227 866570
617 779206
269 63021
349 763147
271 850768
127 901426
829 702478
887 758258
937 634777
641 87579
941 385169
419 430442
971 599034
251 708134
953 891104
691 61867
31 194390
467 848805
593 680255
727 247491
157 193143
367 194784
653 560252
619 482166
311 679410
661 7990178
569 7099600
31 9031818
701 9292020
349 7893044
3 9227553
659 8417011
461 6365183
971 9226669
347 7157663
739 7152534
919 9160094
757 9839059
19 7946850
907 7095910
617 8491285
7 9180578
331 7870560
317 9258386
487 7725450
727 8814578
79 9254216
281 9377192
859 7716490
311 9197416
613 9832784
11 6260360
59 6889402
61 9877126
131 6977058
151 9459489
503 6021158
13 9612957
499 8614112
577 7753729
563 7842151
401 9593858
283 6126902
197 6263404
547 9246181
887 6407780
409 6115668
239 6637354
233 6910223
523 6862482
457 9491601
263 9793741
271 7981596
383 8863561
509 7637251
257 7331715
853 8730214
541 7202642
47 6511216
349 7453243
907 9103847
883 8687115
919 9825168
577 6131099
37 8499467
43 7053235
397 9812375
11 6204571
607 8041307
23 7847966
947 6708529
53 9624911
131 7106554
863 8843536
283 6712602
853 6953773
5 8088393
457 9183623
743 8266558
61 9764457
293 6892496
587 7151103
197 7120553
523 8123095
179 7491348
107 9008822
967 7520463
709 7578185
173 6389977
757 9862043
193 8309137
239 8036214
739 7133651
521 6486498
227 8381345
163 6274048
877 9199020
727 9953783
677 6411419
137 6190323
3 8571578
461 6628898
71 8314976
67 8115947
599 9363414
